0.10061383247375488
0.09930825233459473
0.07011604309082031
0.09920978546142578
0.07482576370239258
0.1034841537475586
0.07105135917663574
0.10522031784057617
0.09014201164245605
0.07767391204833984
0.07590317726135254
0.12024283409118652
0.059020042419433594
4.772730350494385
0.07975435256958008
0.10610032081604004
0.10038995742797852
0.11118531227111816
2.4504191875457764
3.644551992416382
0.09077763557434082
0.08646845817565918
3.2384114265441895
1.328819990158081
0.07660579681396484
1.5221152305603027
2.056302785873413
0.08699893951416016
0.10927176475524902
0.10103130340576172
0.08455348014831543
0.10324358940124512
0.08821654319763184
0.10410237312316895
0.10504436492919922
0.11035394668579102
0.13024520874023438
0.12997078895568848
0.10428237915039062
0.08695840835571289
0.1131894588470459
0.07968831062316895
0.08990764617919922
0.11822628974914551
1.5651698112487793
1.4245600700378418
1.369767189025879
1.2767350673675537
1.1950480937957764
1.2219703197479248
1.9103765487670898
1.3788602352142334
1.454674243927002
1.2309038639068604
1.3818488121032715
1.437880039215088
1.328078269958496
1.469987154006958
1.4349584579467773
1.6167688369750977
1.3470337390899658
1.514683723449707
1.8812391757965088
1.3054111003875732
1.1152293682098389
1.1441657543182373
1.324899673461914
1.2503485679626465
1.3580107688903809
1.215585708618164
1.0393121242523193
1.223280429840088
1.3039073944091797
1.1723392009735107
1.312516450881958
1.4481639862060547
