1.9779646396636963
1.9756405353546143
1.9424712657928467
1.8287856578826904
1.94248628616333
1.9368631839752197
1.8574512004852295
1.9762306213378906
1.8329298496246338
2.0104966163635254
5.005359172821045
5.004586935043335
1.6246862411499023
1.6612834930419922
1.6818230152130127
92.07082295417786
1.6791882514953613
11.990450620651245
5.004520654678345
5.005949974060059
5.005898475646973
5.005686283111572
5.006023168563843
1.997574806213379
1.8735339641571045
36.3879771232605
1.671776533126831
5.00449275970459
5.006036996841431
55.56425094604492
1.6201128959655762
5.006000757217407
1.6568925380706787
55.145941972732544
5.028018474578857
29.340628385543823
437.59127736091614
